[cosmological_parameters]

 omega_c = 0.24963745836910997 
 omega_b = 0.044 

 omega_k = 0.0 
 tau = 0.0697186 
 n_s = 0.968 
 sigma_8 = 0.84892334 
 h0 = 0.6881 
 w = -1.0 
 wa = 0.0 
 mnu = 0.06 
 nnu = 3.046 
 YHe = 0.24519446 
 TCMB = 2.7255 


[firecrown_two_point]

 ia_bias = 0.0 
 alphaz = 0.0 
 z_piv = 0.62 
 
 lens0_bias = 1.45 
 lens1_bias = 1.55 
 lens2_bias = 1.65 
 lens3_bias = 1.8 
 lens4_bias = 2.0 

 src0_delta_z = 0.0 
 src1_delta_z = -0.014 
 src2_delta_z = 0.014 
 src3_delta_z = -0.033 

 lens0_delta_z = 0.002 
 lens1_delta_z = -0.001 
 lens2_delta_z = 0.003 
 lens3_delta_z = -0.0 
 lens4_delta_z = -0.0 

 src0_mult_bias = 0.013 
 src1_mult_bias = 0.013 
 src2_mult_bias = 0.013 
 src3_mult_bias = 0.013 
